p	T	rho	z
9.6650e-10	900.30	2.5820e-11	1028.6
9.6970e-10	900.60	2.5900e-11	1028.1
9.9530e-10	902.70	2.6530e-11	1023.8
1.0280e-09	903.50	2.7380e-11	1018.3
1.0620e-09	902.80	2.8310e-11	1012.9
1.0970e-09	901.00	2.9310e-11	1007.5
1.1330e-09	898.10	3.0380e-11	1002.1
1.1710e-09	895.10	3.1490e-11	996.77
1.2100e-09	891.40	3.2680e-11	991.40
1.2500e-09	888.00	3.3900e-11	986.04
1.2920e-09	884.40	3.5180e-11	980.69
1.3350e-09	880.90	3.6510e-11	975.34
1.3800e-09	877.50	3.7880e-11	970.01
1.4260e-09	874.60	3.9290e-11	964.69
1.4740e-09	871.90	4.0750e-11	959.37
1.5240e-09	869.90	4.2230e-11	954.07
1.5750e-09	868.00	4.3750e-11	948.77
1.6280e-09	866.80	4.5300e-11	943.48
1.6830e-09	865.70	4.6900e-11	938.20
1.7400e-09	865.20	4.8520e-11	932.93
1.7990e-09	865.00	5.0170e-11	927.67
1.8590e-09	865.10	5.1860e-11	922.42
1.9220e-09	865.70	5.3570e-11	917.18
1.9860e-09	866.40	5.5330e-11	911.95
2.0520e-09	867.40	5.7120e-11	906.72
2.1210e-09	868.70	5.8950e-11	901.51
2.1910e-09	870.20	6.0810e-11	896.30
2.2640e-09	871.60	6.2740e-11	891.11
2.3390e-09	873.30	6.4690e-11	885.92
2.4160e-09	874.90	6.6710e-11	880.74
2.4950e-09	876.70	6.8770e-11	875.57
2.5770e-09	878.40	7.0890e-11	870.41
2.6610e-09	879.90	7.3080e-11	865.26
2.7470e-09	881.40	7.5340e-11	860.12
2.8360e-09	882.70	7.7670e-11	854.99
2.9270e-09	883.80	8.0090e-11	849.87
3.0220e-09	884.70	8.2600e-11	844.75
3.1190e-09	885.30	8.5210e-11	839.65
3.2190e-09	885.50	8.7920e-11	834.55
3.3220e-09	885.50	9.0760e-11	829.47
3.4280e-09	885.00	9.3720e-11	824.39
3.5370e-09	884.30	9.6810e-11	819.32
3.6500e-09	883.10	1.0000e-10	814.26
3.7670e-09	881.40	1.0350e-10	809.21
3.8870e-09	879.20	1.0700e-10	804.17
4.0110e-09	876.70	1.1080e-10	799.14
4.1400e-09	873.80	1.1470e-10	794.12
4.2730e-09	870.10	1.1900e-10	789.10
4.4100e-09	866.00	1.2340e-10	784.10
4.5530e-09	861.40	1.2810e-10	779.10
4.7010e-09	856.40	1.3300e-10	774.12
4.8540e-09	851.00	1.3830e-10	769.14
5.0130e-09	845.20	1.4380e-10	764.17
5.1780e-09	839.00	1.4970e-10	759.22
5.3500e-09	832.50	1.5590e-10	754.27
5.5290e-09	825.70	1.6240e-10	749.33
5.7150e-09	818.60	1.6940e-10	744.40
5.9080e-09	811.20	1.7670e-10	739.48
6.1100e-09	803.60	1.8450e-10	734.57
6.3200e-09	794.20	1.9320e-10	729.66
6.5400e-09	785.00	2.0230e-10	724.77
6.7700e-09	775.90	2.1190e-10	719.88
7.0110e-09	766.90	2.2210e-10	715.01
7.2630e-09	758.10	2.3270e-10	710.14
7.5260e-09	749.70	2.4390e-10	705.29
7.8020e-09	741.70	2.5570e-10	700.44
8.0900e-09	734.10	2.6790e-10	695.60
8.3920e-09	727.10	2.8070e-10	690.77
8.7070e-09	720.40	2.9400e-10	685.95
9.0370e-09	714.00	3.0790e-10	681.14
9.3810e-09	708.50	3.2230e-10	676.34
9.7410e-09	703.30	3.3730e-10	671.55
1.0120e-08	698.60	3.5280e-10	666.77
1.0510e-08	694.30	3.6890e-10	661.99
1.0920e-08	690.50	3.8550e-10	657.23
1.1350e-08	687.10	4.0270e-10	652.47
1.1790e-08	684.20	4.2040e-10	647.73
1.2260e-08	681.60	4.3870e-10	642.99
1.2740e-08	679.50	4.5760e-10	638.26
1.3240e-08	677.70	4.7710e-10	633.54
1.3760e-08	676.30	4.9710e-10	628.84
1.4310e-08	675.20	5.1780e-10	624.14
1.4870e-08	674.40	5.3900e-10	619.45
1.5460e-08	671.60	5.6290e-10	614.77
1.6080e-08	669.30	5.8740e-10	610.09
1.6710e-08	669.60	6.1070e-10	605.43
1.7370e-08	669.80	6.3490e-10	600.78
1.8060e-08	670.20	6.5990e-10	596.14
1.8770e-08	670.50	6.8600e-10	591.50
1.9510e-08	670.60	7.1320e-10	586.88
2.0280e-08	670.50	7.4180e-10	582.26
2.1080e-08	670.10	7.7170e-10	577.65
2.1900e-08	669.30	8.0350e-10	573.06
2.2760e-08	667.90	8.3710e-10	568.47
2.3660e-08	666.00	8.7300e-10	563.89
2.4590e-08	663.60	9.1120e-10	559.32
2.5560e-08	660.30	9.5240e-10	554.76
2.6580e-08	656.20	9.9680e-10	550.21
2.7640e-08	651.30	1.0450e-09	545.67
2.8750e-08	645.00	1.0990e-09	541.14
2.9920e-08	635.00	1.1620e-09	536.61
3.1150e-08	625.80	1.2290e-09	532.10
3.2450e-08	615.50	1.3030e-09	527.59
3.3840e-08	603.50	1.3870e-09	523.10
3.5310e-08	590.30	1.4810e-09	518.61
3.6880e-08	577.30	1.5830e-09	514.14
3.8550e-08	565.80	1.6900e-09	509.67
4.0330e-08	555.90	1.8010e-09	505.21
4.2230e-08	547.30	1.9160e-09	500.76
4.4240e-08	540.60	2.0350e-09	496.33
4.6360e-08	536.80	2.1500e-09	491.90
4.8600e-08	533.60	2.2710e-09	487.48
5.0950e-08	534.40	2.3800e-09	483.07
5.3410e-08	536.40	2.4880e-09	478.66
5.5970e-08	538.40	2.6020e-09	474.27
5.8640e-08	539.40	2.7250e-09	469.89
6.1440e-08	538.60	2.8620e-09	465.52
6.4380e-08	536.40	3.0160e-09	461.15
6.7480e-08	533.10	3.1840e-09	456.80
7.0750e-08	527.70	3.3770e-09	452.45
7.4220e-08	518.50	3.6130e-09	448.11
7.7940e-08	504.30	3.9100e-09	443.79
8.2020e-08	480.00	4.3330e-09	439.47
8.6560e-08	452.80	4.8590e-09	435.16
9.1650e-08	427.70	5.4580e-09	430.86
9.7320e-08	410.20	6.0570e-09	426.57
1.0360e-07	398.00	6.6590e-09	422.29
1.1040e-07	389.00	7.2790e-09	418.02
1.1780e-07	382.40	7.9220e-09	413.76
1.2590e-07	378.80	8.5620e-09	409.51
1.3450e-07	376.20	9.2340e-09	405.27
1.4390e-07	371.90	1.0010e-08	401.04
1.5410e-07	361.90	1.1050e-08	396.81
1.6550e-07	344.20	1.2520e-08	392.60
1.7840e-07	324.00	1.4390e-08	388.39
1.9340e-07	302.90	1.6750e-08	384.20
2.1070e-07	289.30	1.9160e-08	380.01
2.3040e-07	276.50	2.2000e-08	375.84
2.5290e-07	268.10	2.4990e-08	371.67
2.7840e-07	258.20	2.8670e-08	367.51
3.0840e-07	241.10	3.4120e-08	363.36
3.4370e-07	230.50	3.9920e-08	359.22
3.8340e-07	230.60	4.4680e-08	355.09
4.3120e-07	208.60	5.5740e-08	350.97
4.8790e-07	204.50	6.4530e-08	346.86
5.5370e-07	200.20	7.4980e-08	342.76
6.2960e-07	197.50	8.6620e-08	338.67
7.1790e-07	193.10	1.0130e-07	334.59
8.2000e-07	192.40	1.1640e-07	330.52
9.3550e-07	195.30	1.3110e-07	326.45
1.0660e-06	196.50	1.4870e-07	322.40
1.2150e-06	194.30	1.7170e-07	318.35
1.3830e-06	200.10	1.9010e-07	314.32
1.5690e-06	204.30	2.1150e-07	310.29
1.7750e-06	207.20	2.3630e-07	306.28
2.0110e-06	197.10	2.8160e-07	302.27
2.3170e-06	169.40	3.7810e-07	298.27
2.6850e-06	171.90	4.3190e-07	294.29
3.1300e-06	160.10	5.4090e-07	290.31
3.6840e-06	152.70	6.6790e-07	286.34
4.3430e-06	154.20	7.8030e-07	282.38
5.1220e-06	153.40	9.2510e-07	278.43
6.0100e-06	160.30	1.0400e-06	274.50
7.0220e-06	160.80	1.2110e-06	270.57
8.2470e-06	152.50	1.5010e-06	266.65
9.7390e-06	149.70	1.8050e-06	262.74
1.1500e-05	151.70	2.1030e-06	258.84
1.3530e-05	155.00	2.4240e-06	254.95
1.5830e-05	160.80	2.7330e-06	251.07
1.8460e-05	161.00	3.1840e-06	247.20
2.1580e-05	156.80	3.8210e-06	243.34
2.5280e-05	155.60	4.5100e-06	239.49
2.9580e-05	156.80	5.2390e-06	235.65
3.4650e-05	155.20	6.2000e-06	231.82
4.0500e-05	158.60	7.0920e-06	228.00
4.7160e-05	160.70	8.1530e-06	224.19
5.5040e-05	156.60	9.7660e-06	220.40
6.4130e-05	160.10	1.1130e-05	216.61
7.4720e-05	157.90	1.3150e-05	212.84
8.6980e-05	159.50	1.5150e-05	209.08
0.00010120	158.60	1.7720e-05	205.33
0.00011780	157.50	2.0780e-05	201.60
0.00013700	158.70	2.3980e-05	197.88
0.00015930	158.50	2.7910e-05	194.17
0.00018460	161.50	3.1750e-05	190.48
0.00021420	157.50	3.7780e-05	186.80
0.00024840	159.00	4.3420e-05	183.15
0.00028810	157.40	5.0870e-05	179.51
0.00033400	158.60	5.8520e-05	175.88
0.00038580	162.30	6.6060e-05	172.28
0.00044420	165.10	7.4730e-05	168.70
0.00050900	169.70	8.3350e-05	165.15
0.00058230	168.30	9.6150e-05	161.62
0.00066560	168.80	0.00010960	158.11
0.00075990	168.70	0.00012520	154.63
0.00086670	168.00	0.00014330	151.19
0.00098880	165.40	0.00016610	147.78
0.0011280	164.60	0.00019040	144.41
0.0012850	162.80	0.00021940	141.08
0.0014670	157.50	0.00025880	137.79
0.0016750	157.30	0.00029590	134.56
0.0019090	156.20	0.00033950	131.38
0.0021710	155.60	0.00038760	128.26
0.0024660	153.30	0.00044700	125.21
0.0027990	150.30	0.00051730	122.23
0.0031700	149.80	0.00058800	119.33
0.0035780	150.10	0.00066230	116.51
0.0040230	150.20	0.00074420	113.78
0.0045000	152.20	0.00082150	111.15
0.0050070	153.20	0.00090800	108.62
0.0055470	152.50	0.0010110	106.19
0.0061200	153.70	0.0011070	103.86
0.0067110	156.20	0.0011940	101.64
0.0073190	158.50	0.0012830	99.519
0.0079430	159.60	0.0013830	97.501
0.0085800	160.60	0.0014840	95.583
0.0092320	160.10	0.0016020	93.762
0.0098980	159.70	0.0017220	92.035
0.010580	158.40	0.0018550	90.399
0.011270	157.80	0.0019840	88.849
0.011970	156.50	0.0021250	87.383
0.012670	154.60	0.0022770	85.996
0.013390	153.40	0.0024250	84.685
0.014110	151.50	0.0025880	83.444
0.014840	148.40	0.0027790	82.271
0.015580	147.30	0.0029370	81.162
0.016320	144.00	0.0031480	80.112
0.017070	142.10	0.0033370	79.118
0.017820	140.00	0.0035370	78.177
0.018570	139.30	0.0037030	77.285
0.019320	136.20	0.0039420	76.439
0.020080	133.30	0.0041850	75.635
0.020840	132.20	0.0043800	74.871
0.021580	133.30	0.0044980	74.145
0.022320	132.50	0.0046810	73.452
0.023050	132.90	0.0048200	72.791
0.023770	132.20	0.0049960	72.158
0.024490	133.10	0.0051100	71.551
0.025180	134.50	0.0052030	70.968
0.025870	133.80	0.0053740	70.407
0.026550	134.80	0.0054750	69.866
0.027230	134.00	0.0056440	69.344
0.027910	131.70	0.0058890	68.838
0.028580	131.50	0.0060410	68.349
0.029260	130.10	0.0062510	67.874
0.029940	128.80	0.0064570	67.413
0.030620	128.60	0.0066160	66.965
0.031300	126.40	0.0068790	66.530
0.031990	125.70	0.0070690	66.105
0.032680	125.90	0.0072150	65.691
0.033360	126.60	0.0073200	65.286
0.034040	126.00	0.0075090	64.891
0.034720	126.40	0.0076340	64.504
0.035400	126.60	0.0077720	64.124
0.036080	127.50	0.0078600	63.751
0.036750	129.00	0.0079140	63.385
0.037420	127.90	0.0081310	63.025
0.038100	127.80	0.0082860	62.671
0.038780	126.20	0.0085380	62.321
0.039470	126.30	0.0086860	61.977
0.040160	125.10	0.0089230	61.637
0.040870	124.90	0.0090890	61.302
0.041570	124.30	0.0092950	60.971
0.042290	123.80	0.0094900	60.644
0.043010	122.60	0.0097440	60.321
0.043740	122.60	0.0099150	60.001
0.044470	121.80	0.010150	59.685
0.045220	120.20	0.010460	59.372
0.045990	119.30	0.010710	59.062
0.046760	118.50	0.010970	58.755
0.047540	118.50	0.011150	58.450
0.048330	117.60	0.011420	58.149
0.049140	115.70	0.011800	57.849
0.049960	115.10	0.012060	57.552
0.050800	114.70	0.012300	57.258
0.051640	114.60	0.012520	56.965
0.052500	113.40	0.012870	56.674
0.053380	110.80	0.013390	56.385
0.054280	111.10	0.013580	56.098
0.055190	110.30	0.013910	55.812
0.056120	111.40	0.014000	55.528
0.057050	111.40	0.014230	55.245
0.057980	113.50	0.014190	54.962
0.058920	112.50	0.014560	54.681
0.059880	110.40	0.015070	54.400
0.060880	108.80	0.015550	54.120
0.061870	113.90	0.015100	53.840
0.062860	114.10	0.015310	53.560
0.063860	113.70	0.015610	53.280
0.064880	115.20	0.015650	53.001
0.065910	113.90	0.016080	52.720
0.066970	113.80	0.016350	52.440
0.068040	114.10	0.016560	52.159
0.069140	111.90	0.017170	51.878
0.070270	113.80	0.017150	51.596
0.071420	111.20	0.017850	51.313
0.072590	113.30	0.017800	51.030
0.073770	114.00	0.017980	50.745
0.074970	114.50	0.018200	50.460
0.076200	113.00	0.018740	50.174
0.077450	114.40	0.018810	49.887
0.078720	113.80	0.019220	49.599
0.080020	114.30	0.019450	49.310
0.081340	114.60	0.019720	49.020
0.082700	112.60	0.020420	48.729
0.084100	112.80	0.020720	48.437
0.085510	115.40	0.020580	48.143
0.086900	119.10	0.020270	47.848
0.088360	112.90	0.021750	47.551
0.089890	113.30	0.022040	47.251
0.091420	117.00	0.021710	46.949
0.093010	111.30	0.023220	46.645
0.094650	115.30	0.022810	46.338
0.096310	115.00	0.023280	46.029
0.098040	111.00	0.024540	45.718
0.099830	112.60	0.024640	45.404
0.10160	113.60	0.024860	45.088
0.10350	119.00	0.024160	44.771
0.10530	113.90	0.025690	44.451
0.10730	111.90	0.026630	44.130
0.10930	112.60	0.026970	43.806
0.11130	111.80	0.027670	43.482
0.11350	110.50	0.028530	43.156
0.11560	113.40	0.028320	42.829
0.11780	114.50	0.028590	42.500
0.12000	114.80	0.029040	42.171
0.12230	114.60	0.029640	41.840
0.12460	114.70	0.030190	41.509
0.12700	111.60	0.031600	41.176
0.12940	112.20	0.032060	40.843
0.13190	112.00	0.032720	40.509
0.13450	113.00	0.033080	40.175
0.13710	113.40	0.033590	39.841
0.13970	114.10	0.034010	39.506
0.14240	114.60	0.034520	39.172
0.14520	108.70	0.037120	38.836
0.14800	116.10	0.035400	38.502
0.15080	110.70	0.037870	38.167
0.15370	117.00	0.036530	37.832
0.15670	111.30	0.039120	37.498
0.15980	108.10	0.041080	37.164
0.16300	111.50	0.040620	36.830
0.16620	109.50	0.042150	36.498
0.16940	109.70	0.042920	36.166
0.17280	109.60	0.043800	35.835
0.17620	108.70	0.045060	35.505
0.17970	107.10	0.046630	35.176
0.18320	110.60	0.046020	34.849
0.18680	107.90	0.048100	34.522
0.19040	112.70	0.046940	34.197
0.19400	111.90	0.048160	33.873
0.19770	109.00	0.050380	33.550
0.20140	111.70	0.050120	33.228
0.20520	110.30	0.051700	32.907
0.20900	113.50	0.051180	32.588
0.21290	109.20	0.054180	32.270
0.21690	113.70	0.053000	31.954
0.22080	115.80	0.052980	31.639
0.22480	109.30	0.057130	31.325
0.22890	114.30	0.055650	31.012
0.23300	112.50	0.057530	30.701
0.23720	109.90	0.059990	30.391
0.24150	110.40	0.060790	30.084
0.24590	110.30	0.061920	29.777
0.25030	109.50	0.063500	29.473
0.25470	114.10	0.062060	29.171
0.25920	111.80	0.064440	28.870
0.26380	109.00	0.067250	28.570
0.26840	112.50	0.066300	28.273
0.27290	113.80	0.066660	27.977
0.27760	112.70	0.068410	27.683
0.28220	113.20	0.069280	27.391
0.28690	116.70	0.068290	27.100
0.29150	117.20	0.069120	26.811
0.29620	116.30	0.070780	26.523
0.30090	117.80	0.070950	26.236
0.30560	120.40	0.070550	25.951
0.31030	120.20	0.071750	25.667
0.31510	119.70	0.073120	25.385
0.31990	119.90	0.074110	25.104
0.32470	120.20	0.075060	24.824
0.32960	120.30	0.076120	24.545
0.33460	120.60	0.077100	24.268
0.33960	121.30	0.077810	23.992
0.34450	121.90	0.078510	23.718
0.34950	122.70	0.079190	23.445
0.43540	129.66	0.094870	18.508
0.43772	129.74	0.095320	18.403
0.44003	129.85	0.095740	18.299
0.44234	129.97	0.096150	18.196
0.44470	130.11	0.096560	18.091
0.45400	130.78	0.098080	17.680
0.46380	131.56	0.099600	17.253
0.47365	132.46	0.10102	16.831
0.48490	133.13	0.10290	16.357
0.49680	133.81	0.10489	15.864
0.50480	134.70	0.10588	15.538
0.51270	135.49	0.10691	15.219
0.52460	136.30	0.10874	14.744
0.53650	137.17	0.11050	14.277
0.54450	137.96	0.11151	13.968
0.56840	139.42	0.11518	13.061
0.58030	140.21	0.11693	12.620
0.59220	141.00	0.11866	12.186
0.60410	141.90	0.12028	11.757
0.62000	142.58	0.12285	11.195
0.63190	143.48	0.12443	10.781
0.64380	144.16	0.12617	10.373
0.65570	144.95	0.12780	9.9700
0.67066	146.00	0.12978	9.4710
0.68496	147.00	0.13164	9.0010
0.69947	148.00	0.13352	8.5300
0.71419	149.00	0.13542	8.0600
0.72911	150.00	0.13733	7.5900
0.74425	151.00	0.13925	7.1190
0.75960	152.00	0.14119	6.6480
0.77517	153.00	0.14314	6.1780
0.79096	154.00	0.14511	5.7070
0.80696	155.00	0.14709	5.2360
0.82319	156.00	0.14908	4.7650
0.83964	157.00	0.15109	4.2940
0.85632	158.00	0.15312	3.8230
0.87323	159.00	0.15516	3.3510
0.89037	160.00	0.15722	2.8800
0.90773	161.00	0.15929	2.4080
0.92534	162.00	0.16138	1.9360
0.94318	163.00	0.16348	1.4640
0.96126	164.00	0.16560	0.99200
0.97958	165.00	0.16773	0.52000
0.99814	166.00	0.16988	0.047000
1.0000	166.10	0.17399	0.0000
1.0170	167.00	0.17205	-0.42700
1.0360	168.00	0.17422	-0.89900
1.0553	169.00	0.17642	-1.3720
1.0749	170.00	0.17864	-1.8460
1.0947	171.00	0.18086	-2.3190
1.1148	172.00	0.18311	-2.7940
1.1351	173.00	0.18537	-3.2670
1.1557	174.00	0.18765	-3.7420
1.1766	175.00	0.18995	-4.2180
1.1977	176.00	0.19226	-4.6920
1.2191	177.00	0.19459	-5.1670
1.2408	178.00	0.19694	-5.6440
1.2627	179.00	0.19930	-6.1190
1.2850	180.00	0.20169	-6.5960
1.3075	181.00	0.20409	-7.0730
1.3302	182.00	0.20649	-7.5480
1.3533	183.00	0.20893	-8.0260
1.3767	184.00	0.21139	-8.5040
1.4003	185.00	0.21385	-8.9810
1.4242	186.00	0.21633	-9.4580
1.4485	187.00	0.21884	-9.9380
1.4730	188.00	0.22136	-10.416
1.4978	189.00	0.22390	-10.895
1.5229	190.00	0.22645	-11.374
1.5483	191.00	0.22902	-11.853
1.5741	192.00	0.23163	-12.334
1.6001	193.00	0.23423	-12.813
1.6265	194.00	0.23687	-13.295
1.6531	195.00	0.23951	-13.774
1.6801	196.00	0.24218	-14.256
1.7074	197.00	0.24486	-14.737
1.7350	198.00	0.24757	-15.219
1.7629	199.00	0.25028	-15.700
1.7912	200.00	0.25303	-16.183
1.8198	201.00	0.25579	-16.666
1.8487	202.00	0.25857	-17.149
1.8780	203.00	0.26137	-17.633
1.9075	204.00	0.26417	-18.115
1.9375	205.00	0.26702	-18.600
1.9677	206.00	0.26987	-19.083
1.9983	207.00	0.27274	-19.568
2.0293	208.00	0.27564	-20.053
2.0606	209.00	0.27855	-20.538
2.0923	210.00	0.28149	-21.024
2.1243	211.00	0.28444	-21.510
2.1567	212.00	0.28741	-21.997
2.1894	213.00	0.29040	-22.483
2.2225	214.00	0.29342	-22.970
2.2559	215.00	0.29644	-23.456
2.2897	216.00	0.29949	-23.943
2.3239	217.00	0.30256	-24.431
2.3585	218.00	0.30566	-24.919
2.3934	219.00	0.30876	-25.407
2.4287	220.00	0.31189	-25.896
2.4644	221.00	0.31505	-26.385
2.5005	222.00	0.31822	-26.874
2.5369	223.00	0.32141	-27.363
2.5737	224.00	0.32461	-27.852
2.6110	225.00	0.32785	-28.343
2.6486	226.00	0.33110	-28.833
2.6866	227.00	0.33437	-29.323
2.7250	228.00	0.33767	-29.814
2.7639	229.00	0.34099	-30.306
2.8031	230.00	0.34432	-30.797
2.8427	231.00	0.34768	-31.288
2.8828	232.00	0.35106	-31.781
2.9232	233.00	0.35445	-32.273
2.9641	234.00	0.35788	-32.766
3.0053	235.00	0.36131	-33.257
3.0470	236.00	0.36477	-33.750
3.0891	237.00	0.36825	-34.243
3.1317	238.00	0.37176	-34.738
3.1746	239.00	0.37527	-35.231
3.2180	240.00	0.37882	-35.725
3.2619	241.00	0.38239	-36.220
3.3061	242.00	0.38597	-36.714
3.3508	243.00	0.38958	-37.208
3.3959	244.00	0.39321	-37.703
3.4415	245.00	0.39686	-38.198
3.4875	246.00	0.40053	-38.694
3.5340	247.00	0.40423	-39.190
3.5809	248.00	0.40794	-39.685
3.6283	249.00	0.41168	-40.182
3.6761	250.00	0.41543	-40.678
3.7244	251.00	0.41922	-41.174
3.7731	252.00	0.42301	-41.671
3.8224	253.00	0.42685	-42.169
3.8720	254.00	0.43068	-42.665
3.9222	255.00	0.43456	-43.163
3.9728	256.00	0.43844	-43.660
4.0239	257.00	0.44235	-44.158
4.0754	258.00	0.44628	-44.656
4.1275	259.00	0.45024	-45.154
4.1800	260.00	0.45421	-45.653
4.2330	261.00	0.45821	-46.151
4.2865	262.00	0.46223	-46.650
4.3405	263.00	0.46627	-47.149
4.3950	264.00	0.47034	-47.648
4.4499	265.00	0.47442	-48.147
4.5054	266.00	0.47853	-48.647
4.5614	267.00	0.48266	-49.147
4.6179	268.00	0.48682	-49.647
4.6749	269.00	0.49099	-50.147
4.7324	270.00	0.49519	-50.647
4.7904	271.00	0.49941	-51.148
4.8489	272.00	0.50365	-51.648
4.9080	273.00	0.50792	-52.149
4.9675	274.00	0.51220	-52.650
5.0276	275.00	0.51652	-53.151
5.0882	276.00	0.52085	-53.652
5.1494	277.00	0.52521	-54.154
5.2110	278.00	0.52958	-54.655
5.2732	279.00	0.53398	-55.157
5.3360	280.00	0.53841	-55.659
5.3993	281.00	0.54286	-56.161
5.4631	282.00	0.54733	-56.663
5.5275	283.00	0.55182	-57.166
5.5924	284.00	0.55633	-57.669
5.6578	285.00	0.56086	-58.171
5.7238	286.00	0.56542	-58.673
5.7904	287.00	0.57001	-59.177
5.8575	288.00	0.57461	-59.679
5.9252	289.00	0.57924	-60.183
5.9934	290.00	0.58389	-60.686
6.0622	291.00	0.58856	-61.189
6.1316	292.00	0.59326	-61.693
6.2016	293.00	0.59799	-62.197
6.2721	294.00	0.60273	-62.700
6.3432	295.00	0.60749	-63.204
6.4149	296.00	0.61228	-63.708
6.4871	297.00	0.61709	-64.212
6.5600	298.00	0.62193	-64.717
6.6334	299.00	0.62679	-65.221
6.7074	300.00	0.63167	-65.725
6.7820	301.00	0.63657	-66.230
6.8573	302.00	0.64151	-66.735
6.9331	303.00	0.64646	-67.240
7.0095	304.00	0.65143	-67.744
7.0865	305.00	0.65643	-68.249
7.1641	306.00	0.66145	-68.754
7.2423	307.00	0.66649	-69.259
7.3212	308.00	0.67156	-69.765
7.4006	309.00	0.67665	-70.270
7.4807	310.00	0.68177	-70.775
7.5614	311.00	0.68691	-71.281
7.6427	312.00	0.69207	-71.787
7.7246	313.00	0.69725	-72.292
7.8072	314.00	0.70246	-72.798
7.8904	315.00	0.70769	-73.304
7.9742	316.00	0.71294	-73.810
8.0587	317.00	0.71823	-74.316
8.1438	318.00	0.72353	-74.822
8.2296	319.00	0.72886	-75.328
8.3160	320.00	0.73421	-75.835
8.4030	321.00	0.73958	-76.341
8.4907	322.00	0.74498	-76.847
8.5790	323.00	0.75039	-77.354
8.6680	324.00	0.75584	-77.860
8.7577	325.00	0.76131	-78.367
8.8480	326.00	0.76680	-78.874
8.9390	327.00	0.77232	-79.380
9.0306	328.00	0.77785	-79.887
9.1230	329.00	0.78342	-80.394
9.2160	330.00	0.78901	-80.901
9.3097	331.00	0.79463	-81.409
9.4040	332.00	0.80026	-81.915
9.4990	333.00	0.80591	-82.422
9.5947	334.00	0.81160	-82.929
9.6911	335.00	0.81730	-83.437
9.7882	336.00	0.82304	-83.944
9.8860	337.00	0.82879	-84.452
9.9845	338.00	0.83457	-84.959
10.084	339.00	0.84040	-85.468
10.184	340.00	0.84624	-85.976
10.284	341.00	0.85205	-86.481
10.385	342.00	0.85790	-86.987
10.487	343.00	0.86380	-87.495
10.590	344.00	0.86975	-88.004
10.694	345.00	0.87574	-88.515
10.798	346.00	0.88170	-89.022
10.903	347.00	0.88771	-89.531
11.008	348.00	0.89368	-90.036
11.114	349.00	0.89971	-90.542
11.221	350.00	0.90577	-91.050
11.329	351.00	0.91188	-91.559
11.438	352.00	0.91804	-92.070
11.547	353.00	0.92417	-92.577
11.657	354.00	0.93033	-93.085
11.768	355.00	0.93655	-93.594
11.879	356.00	0.94273	-94.100
11.991	357.00	0.94895	-94.608
12.104	358.00	0.95521	-95.116
12.218	359.00	0.96153	-95.626
12.332	360.00	0.96780	-96.132
12.448	361.00	0.97420	-96.644
12.564	362.00	0.98056	-97.152
12.680	363.00	0.98689	-97.657
12.798	364.00	0.99334	-98.168
12.916	365.00	0.99975	-98.675
13.035	366.00	1.0062	-99.183
13.155	367.00	1.0127	-99.693
13.276	368.00	1.0192	-100.20
13.397	369.00	1.0257	-100.71
13.519	370.00	1.0323	-101.22
13.642	371.00	1.0389	-101.73
13.766	372.00	1.0455	-102.24
13.891	373.00	1.0522	-102.75
14.016	374.00	1.0588	-103.25
14.142	375.00	1.0655	-103.76
14.269	376.00	1.0722	-104.27
14.397	377.00	1.0789	-104.78
14.526	378.00	1.0857	-105.29
14.655	379.00	1.0925	-105.80
14.785	380.00	1.0992	-106.31
14.916	381.00	1.1061	-106.82
15.048	382.00	1.1129	-107.32
15.181	383.00	1.1198	-107.83
15.314	384.00	1.1267	-108.34
15.448	385.00	1.1336	-108.85
15.583	386.00	1.1406	-109.36
15.720	387.00	1.1476	-109.87
15.856	388.00	1.1546	-110.38
15.994	389.00	1.1616	-110.89
16.133	390.00	1.1687	-111.40
16.272	391.00	1.1758	-111.90
16.412	392.00	1.1829	-112.41
16.553	393.00	1.1900	-112.92
16.695	394.00	1.1971	-113.43
16.838	395.00	1.2043	-113.94
16.982	396.00	1.2116	-114.45
17.126	397.00	1.2188	-114.96
17.271	398.00	1.2260	-115.47
17.418	399.00	1.2333	-115.98
17.565	400.00	1.2406	-116.49
17.713	401.00	1.2480	-117.00
17.862	402.00	1.2553	-117.51
18.011	403.00	1.2627	-118.01
18.162	404.00	1.2701	-118.52
18.313	405.00	1.2775	-119.03
18.466	406.00	1.2850	-119.54
18.619	407.00	1.2925	-120.05
18.773	408.00	1.3000	-120.56
18.928	409.00	1.3075	-121.00
19.084	410.00	1.3150	-121.58
19.241	411.00	1.3226	-122.09
19.399	412.00	1.3303	-122.60
19.558	413.00	1.3379	-123.11
19.717	414.00	1.3455	-123.61
19.878	415.00	1.3533	-124.12
20.040	416.00	1.3610	-124.64
20.202	417.00	1.3687	-125.14
20.365	418.00	1.3765	-125.65
20.530	419.00	1.3843	-126.16
20.695	420.00	1.3921	-126.67
20.861	421.00	1.3999	-127.18
21.028	422.00	1.4078	-127.69
21.196	423.00	1.4157	-128.20
21.365	424.00	1.4236	-128.71
21.535	425.00	1.4316	-129.22
21.706	426.00	1.4395	-129.73
21.877	427.00	1.4475	-130.24
22.050	428.00	1.4555	-130.74
