From MAGALHAES@gal.arc.nasa.gov Tue Nov 21 16:15 PST 1995
Return-Path: <MAGALHAES@gal.arc.nasa.gov>
Received: from gal.arc.nasa.gov (galileo.arc.nasa.gov) by crispy (5.x/SMI-SVR4+DXRm2.5+GKEm1.1)
	id AA02535; Tue, 21 Nov 1995 16:15:54 -0800
Date: Tue, 21 Nov 1995 16:16:03 -0800 (PST)
From: MAGALHAES@gal.arc.nasa.gov
To: dc@crispy.jpl.nasa.gov
Message-Id: <951121161603.21006f6d@gal.arc.nasa.gov>
Subject: PV Large Probe data
Content-Type: text
Content-Length: 43012
X-Lines: 604
Status: RO

Column 1 = Ground received time (hours).
Column 2 = Ground received time (minutes).
Column 3 = Corrected atmospheric pressure (bars).
Column 4 = Corrected atmospheric temperature (kelvins).
Column 5 = Acceleration of gravity (meters / sec.**2)
Column 6 = Altitude (kilometers).
Column 7 = Vertical velocity (meters / sec).
Column 8 = Atmospheric density (grams / meter**3).
Column 9 = Line number.

**** Unsmoothed Pioneer Venus Large Probe altitude from best P & T data. ****

SOURCE: Manually entered during August 1993 by Patrick McKean of SJSU, a
        student of Alison Bridger, from computer listing of data used in JGR
        (original printout produced 4/21/80). 

19 43.117   92.163   731.0   8.869     0.000     0.00     0.6528e5  588
19 42.915   91.448   729.5   8.869     0.124    10.55     0.6492e5  587
19 42.515   89.976   727.9   8.869     0.381    10.88     0.6403e5  586
19 41.981   87.996   724.9   8.868     0.733    11.04     0.6292e5  585
19 41.448   86.036   721.9   8.867     1.088    11.21     0.6181e5  584
19 40.915   84.066   718.9   8.866     1.451    11.30     0.6068e5  583
19 40.381   82.148   716.4   8.865     1.811    11.38     0.5953e5  582
19 39.848   80.225   713.9   8.864     2.179    11.56     0.5837e5  581
19 39.315   78.321   710.3   8.863     2.550    11.74     0.5732e5  580
19 38.781   76.412   706.9   8.862     2.930    11.80     0.5623e5  579
19 38.248   74.559   703.9   8.861     3.306    11.97     0.5513e5  578
19 37.715   72.671   700.4   8.860     3.696    12.34     0.5404e5  577
19 37.181   70.783   697.9   8.859     4.095    12.52     0.5284e5  576
19 36.648   68.920   694.2   8.857     4.497    12.70     0.5175e5  575
19 36.114   67.058   690.9   8.856     4.908    12.77     0.5061e5  574
19 35.581   65.257   687.4   8.855     5.315    12.89     0.4953e5  573
19 35.048   63.443   683.9   8.854     5.733    13.02     0.4842e5  572
19 34.514   61.686   680.9   8.853     6.148    13.12     0.4730e5  571
19 33.981   59.929   677.9   8.851     6.573    13.30     0.4618e5  570
19 33.448   58.208   673.9   8.850     6.999    13.30     0.4514e5  569
19 32.914   56.531   670.9   8.849     7.424    13.29     0.4405e5  568
19 32.381   54.894   667.9   8.848     7.849    13.66     0.4298e5  567
19 31.848   53.209   663.9   8.846     8.298    13.90     0.4194e5  566
19 31.314   51.594   660.3   8.845     8.739    13.91     0.4090e5  565
19 30.761   49.991   657.4   8.844     9.188    14.33     0.3982e5  564
19 30.247   48.365   654.3   8.843     9.656    14.69     0.3872e5  563
19 29.714   46.771   650.1   8.841    10.128    14.79     0.3771e5  562
19 29.181   45.211   645.9   8.840    10.602    15.04     0.3670e5  561
19 28.647   43.651   641.9   8.838    11.090    15.31     0.3566e5  560
19 28.114   42.125   638.9   8.837    11.582    15.42     0.3459e5  559
19 27.581   40.636   635.5   8.836    12.077    15.90     0.3355e5  558
19 27.047   39.111   630.9   8.834    12.599    15.67     0.3254e5  557
19 26.514   37.752   627.2   8.833    13.079    15.50     0.3160e5  556
19 26.447   37.535   626.8   8.831    13.157    18.86     0.3144e5  555
19 26.381   37.333   626.4   8.831    13.230    18.60     0.3129e5  554
19 26.314   37.124   626.0   8.831    13.306    17.77     0.3113e5  553
19 26.247   36.942   625.4   8.831    13.372    14.37     0.3101e5  552
19 26.181   36.809   624.8   8.830    13.421    13.19     0.3093e5  551
19 26.114   36.654   624.4   8.830    13.478    16.22     0.3082e5  550
19 26.047   36.456   624.0   8.830    13.551    19.48     0.3067e5  549
19 25.981   36.232   623.4   8.830    13.634    21.86     0.3052e5  548
19 25.914   35.985   623.0   8.830    13.726    20.99     0.3033e5  547
19 25.847   35.782   622.8   8.829    13.802    16.27     0.3018e5  546
19 25.781   35.638   622.2   8.829    13.856    14.55     0.3008e5  545
19 25.714   35.473   621.6   8.829    13.918    15.83     0.2997e5  544
19 25.647   35.303   621.0   8.829    13.982    16.17     0.2985e5  543
19 25.581   35.132   620.6   8.829    14.047    16.53     0.2973e5  542
19 25.514   34.956   620.2   8.828    14.114    15.06     0.2960e5  541
19 25.447   34.817   619.6   8.828    14.168    14.11     0.2951e5  540
19 25.381   34.662   619.2   8.828    14.227    15.41     0.2940e5  539
19 25.314   34.497   618.6   8.828    14.291    16.25     0.2929e5  538
19 25.247   34.326   618.2   8.828    14.357    17.09     0.2917e5  537
19 25.181   34.145   617.8   8.827    14.428    17.95     0.2903e5  536
19 25.114   33.958   617.2   8.827    14.501    17.79     0.2890e5  535
19 25.047   33.782   616.8   8.827    14.570    18.41     0.2877e5  534
19 24.981   33.584   616.2   8.827    14.648    19.84     0.2863e5  533
19 24.914   33.381   615.8   8.827    14.729    20.19     0.2848e5  532
19 24.847   33.178   615.4   8.826    14.810    19.70     0.2832e5  531
19 24.781   32.987   614.8   8.826    14.886    17.22     0.2819e5  530
19 24.714   32.835   614.2   8.826    14.948    14.82     0.2809e5  529
19 24.647   32.693   613.8   8.826    15.005    13.51     0.2798e5  528
19 24.581   32.568   613.2   8.826    15.056    14.63     0.2791e5  527
19 24.514   32.405   612.6   8.825    15.122    16.31     0.2779e5  526
19 24.447   32.248   612.2   8.825    15.186    16.58     0.2768e5  525
19 24.381   32.081   611.8   8.825    15.255    16.81     0.2755e5  524
19 24.314   31.921   611.3   8.825    15.321    17.00     0.2744e5  523
19 24.247   31.751   610.5   8.825    15.391    17.64     0.2734e5  522
19 24.180   31.580   610.3   8.824    15.462    20.01     0.2720e5  521
19 24.114   31.367   609.7   8.824    15.551    21.74     0.2704e5  520
19 24.047   31.165   609.1   8.824    15.636    20.96     0.2690e5  519
19 23.980   30.969   608.7   8.824    15.719    17.73     0.2674e5  518
19 23.914   30.830   608.1   8.824    15.778    14.46     0.2665e5  517
19 23.847   30.697   607.7   8.823    15.834    14.24     0.2655e5  516
19 23.780   30.563   607.1   8.823    15.892    14.56     0.2647e5  515
19 23.714   30.425   606.5   8.823    15.951    16.07     0.2637e5  514
19 23.647   30.264   605.9   8.823    16.020    17.32     0.2626e5  513
19 23.580   30.104   605.5   8.823    16.089    15.60     0.2614e5  512
19 23.514   29.976   604.9   8.822    16.145    15.67     0.2606e5  511
19 23.447   29.816   604.5   8.822    16.215    17.43     0.2593e5  510
19 23.380   29.657   604.1   8.822    16.284    15.63     0.2581e5  509
19 23.314   29.531   603.5   8.822    16.340    15.76     0.2573e5  508
19 23.247   29.371   602.9   8.822    16.410    17.15     0.2562e5  507
19 23.180   29.221   602.5   8.821    16.477    16.28     0.2550e5  506
19 23.114   29.078   601.9   8.821    16.541    18.64     0.2541e5  505
19 23.047   28.887   601.3   8.821    16.626    21.77     0.2526e5  504
19 22.980   28.690   600.7   8.821    16.715    20.13     0.2512e5  503
19 22.914   28.530   600.1   8.821    16.787    18.99     0.2500e5  502
19 22.847   28.355   599.7   8.820    16.867    18.46     0.2487e5  501
19 22.780   28.206   599.3   8.820    16.935    15.80     0.2475e5  500
19 22.714   28.079   598.7   8.820    16.993    16.21     0.2467e5  499
19 22.647   27.924   598.1   8.820    17.065    18.30     0.2456e5  498
19 22.580   27.762   597.3   8.820    17.139    18.79     0.2445e5  497
19 22.514   27.600   596.7   8.819    17.215    19.17     0.2433e5  496
19 22.447   27.433   596.2   8.819    17.293    20.21     0.2420e5  495
19 22.380   27.255   595.7   8.819    17.377    19.73     0.2406e5  494
19 22.314   27.098   595.3   8.819    17.451    18.29     0.2394e5  493
19 22.247   26.946   594.5   8.818    17.523    16.64     0.2384e5  492
19 22.180   26.818   594.0   8.818    17.584    16.18     0.2375e5  491
19 22.114   26.675   593.6   8.818    17.652    16.49     0.2364e5  490
19 22.047   26.543   593.0   8.818    17.716    16.26     0.2355e5  489
19 21.980   26.405   592.4   8.818    17.782    18.02     0.2345e5  488
19 21.914   26.245   591.8   8.818    17.860    18.71     0.2333e5  487
19 21.847   26.097   591.2   8.817    17.932    17.77     0.2322e5  486
19 21.780   25.954   590.6   8.817    18.002    20.87     0.2312e5  485
19 21.714   25.757   590.0   8.817    18.099    24.14     0.2296e5  484
19 21.647   25.563   589.4   8.817    18.195    19.80     0.2282e5  483
19 21.580   25.438   588.8   8.816    18.257    16.98     0.2273e5  482
19 21.514   25.291   588.2   8.816    18.331    19.31     0.2262e5  481
19 21.447   25.130   587.6   8.816    18.412    20.99     0.2250e5  480
19 21.380   24.958   587.0   8.816    18.499    24.55     0.2237e5  479
19 21.314   24.743   586.2   8.815    18.608    28.30     0.2220e5  478
19 21.247   24.515   585.8   8.815    18.725    25.99     0.2210e5  477
19 21.180   24.339   585.0   8.815    18.816    22.42     0.2189e5  476
19 21.114   24.169   584.7   8.815    18.905    21.45     0.2175e5  475
19 21.047   24.010   583.9   8.814    18.988    17.29     0.2163e5  474
19 20.980   23.905   583.3   8.814    19.043    14.54     0.2156e5  473
19 20.914   23.789   582.5   8.814    19.104    17.11     0.2149e5  472
19 20.847   23.646   581.9   8.814    19.180    19.37     0.2138e5  471
19 20.780   23.497   581.3   8.813    19.259    18.80     0.2127e5  470
19 20.714   23.364   580.9   8.813    19.330    18.57     0.2116e5  469
19 20.647   23.220   580.1   8.813    19.408    19.13     0.2106e5  468
19 20.580   23.080   579.7   8.813    19.483    19.30     0.2095e5  467
19 20.514   22.935   578.9   8.813    19.562    19.30     0.2084e5  466
19 20.480   22.867   578.6   8.812    19.599    19.04     0.2079e5  465
19 20.414   22.726   578.0   8.812    19.676    19.89     0.2069e5  464
19 20.347   22.577   577.4   8.812    19.758    19.57     0.2057e5  463
19 20.280   22.442   575.9   8.812    19.833    19.46     0.2051e5  462
19 20.214   22.296   576.2   8.812    19.914    20.06     0.2036e5  461
19 20.147   22.154   575.5   8.811    19.993    20.60     0.2025e5  460
19 20.080   22.002   574.8   8.811    20.079    20.35     0.2014e5  459
19 20.014   21.865   574.1   8.811    20.156    20.47     0.2004e5  458
19 19.947   21.713   573.4   8.811    20.242    19.21     0.1993e5  457
19 19.880   21.595   572.7   8.810    20.310    18.03     0.1984e5  456
19 19.814   21.461   572.2   8.810    20.387    19.70     0.1974e5  455
19 19.747   21.321   571.5   8.810    20.467    20.09     0.1963e5  454
19 19.680   21.183   570.8   8.810    20.547    20.20     0.1953e5  453
19 19.614   21.043   570.3   8.809    20.629    20.90     0.1942e5  452
19 19.547   20.897   569.7   8.809    20.715    20.65     0.1930e5  451
19 19.480   20.762   568.9   8.809    20.794    19.80     0.1921e5  450
19 19.414   20.629   568.1   8.809    20.873    19.31     0.1911e5  449
19 19.347   20.502   567.4   8.809    20.949    19.11     0.1901e5  448
19 19.280   20.373   566.8   8.808    21.026    19.81     0.1892e5  447
19 19.214   20.238   566.1   8.808    21.107    20.21     0.1882e5  446
19 19.147   20.105   565.3   8.808    21.188    23.84     0.1872e5  445
19 19.080   19.924   564.7   8.808    21.298    25.74     0.1857e5  444
19 19.014   19.768   564.1   8.807    21.394    23.31     0.1844e5  443
19 18.947   19.621   563.4   8.807    21.484    22.34     0.1833e5  442
19 18.880   19.473   562.6   8.807    21.576    21.73     0.1821e5  441
19 18.814   19.342   561.9   8.806    21.658    18.01     0.1812e5  440
19 18.747   19.243   561.2   8.806    21.720    17.39     0.1805e5  439
19 18.680   19.121   560.7   8.806    21.797    18.10     0.1795e5  438
19 18.614   19.014   559.9   8.806    21.865    18.19     0.1787e5  437
19 18.547   18.892   559.1   8.806    21.943    20.76     0.1778e5  436
19 18.480   18.754   558.5   8.805    22.031    22.74     0.1767e5  435
19 18.414   18.609   557.8   8.805    22.125    21.82     0.1756e5  434
19 18.347   18.484   557.1   8.805    22.206    19.59     0.1746e5  433
19 18.280   18.368   556.5   8.805    22.281    18.96     0.1737e5  432
19 18.214   18.252   555.9   8.804    22.358    19.72     0.1728e5  431
19 18.147   18.128   555.1   8.804    22.439    21.81     0.1719e5  430
19 18.080   17.988   554.3   8.804    22.532    23.94     0.1708e5  429
19 18.014   17.840   553.5   8.804    22.631    24.61     0.1697e5  428
19 17.947   17.694   552.8   8.803    22.729    21.22     0.1685e5  427
19 17.880   17.588   552.1   8.803    22.801    19.23     0.1677e5  426
19 17.814   17.467   551.4   8.803    22.883    20.61     0.1667e5  425
19 17.747   17.346   550.8   8.803    22.965    21.76     0.1658e5  424
19 17.680   17.213   550.1   8.802    23.057    23.45     0.1647e5  423
19 17.614   17.074   549.4   8.802    23.153    23.26     0.1636e5  422
19 17.547   16.945   548.7   8.802    23.243    20.95     0.1626e5  421
19 17.480   16.834   547.9   8.802    23.231    21.17     0.1617e5  420
19 17.414   16.704   547.1   8.801    23.412    23.11     0.1607e5  419
19 17.347   16.572   546.4   8.801    23.506    22.81     0.1597e5  418
19 17.280   16.447   545.7   8.801    23.595    22.74     0.1587e5  417
19 17.213   16.318   544.9   8.801    23.688    23.34     0.1577e5  416
19 17.147   16.188   544.2   8.800    23.782    22.58     0.1566e5  415
19 17.080   16.069   543.4   8.800    23.868    21.90     0.1557e5  414
19 17.013   15.948   542.5   8.800    23.957    22.03     0.1547e5  413
19 16.947   15.829   541.8   8.800    24.045    21.24     0.1538e5  412
19 16.880   15.718   541.0   8.799    24.127    21.65     0.1529e5  411
19 16.813   15.596   540.2   8.799    24.218    22.72     0.1520e5  410
19 16.747   15.475   539.6   8.799    24.309    21.82     0.1510e5  409
19 16.680   15.364   538.7   8.799    24.392    24.06     0.1501e5  408
19 16.613   15.221   537.9   8.798    24.501    26.99     0.1490e5  407
19 16.547   15.081   537.2   8.798    24.608    26.24     0.1478e5  406
19 16.480   14.948   536.5   8.798    24.711    24.30     0.1467e5  405
19 16.413   14.830   535.6   8.797    24.803    21.24     0.1458e5  404
19 16.347   14.730   534.7   8.797    24.881    19.60     0.1450e5  403
19 16.280   14.630   534.0   8.797    24.960    22.19     0.1442e5  402
19 16.213   14.505   533.3   8.797    25.058    22.31     0.1432e5  401
19 16.147   14.405   532.4   8.796    25.138    20.46     0.1424e5  400
19 16.080   14.300   531.6   8.796    25.222    21.68     0.1416e5  399
19 16.013   14.189   530.8   8.796    25.312    22.93     0.1407e5  398
19 15.947   14.073   529.9   8.796    25.406    24.20     0.1398e5  397
19 15.880   13.951   529.1   8.795    25.505    25.40     0.1388e5  396
19 15.813   13.825   528.3   8.795    25.609    24.13     0.1378e5  395
19 15.747   13.717   527.5   8.795    25.698    22.53     0.1369e5  394
19 15.680   13.608   526.6   8.795    25.789    24.68     0.1360e5  393
19 15.613   13.481   525.8   8.794    25.896    25.58     0.1350e5  392
19 15.547   13.365   525.0   8.794    25.994    26.00     0.1340e5  391
19 15.480   13.236   524.2   8.794    26.104    25.97     0.1329e5  390
19 15.413   13.122   523.3   8.793    26.201    24.23     0.1320e5  389
19 15.347   13.011   522.5   8.793    26.297    25.82     0.1311e5  388
19 15.280   12.884   521.6   8.793    26.408    27.79     0.1300e5  387
19 15.247   12.820   521.3   8.792    26.464    28.47     0.1295e5  386
19 15.180   12.690   520.5   8.792    26.579    28.80     0.1283e5  385
19 15.113   12.560   519.6   8.792    26.695    28.49     0.1272e5  384
19 15.047   12.435   518.7   8.792    26.807    27.94     0.1262e5  383
19 14.980   12.312   517.8   8.791    26.918    25.43     0.1252e5  382
19 14.913   12.211   517.0   8.791    27.010    24.02     0.1243e5  381
19 14.847   12.102   516.0   8.791    27.110    26.27     0.1235e5  380
19 14.780   11.983   515.2   8.790    27.220    27.29     0.1224e5  379
19 14.713   11.867   514.5   8.790    27.329    28.23     0.1214e5  378
19 14.647   11.742   513.5   8.790    27.446    27.27     0.1204e5  377
19 14.580   11.636   512.7   8.789    27.547    24.75     0.1195e5  376
19 14.513   11.534   511.7   8.789    27.644    26.15     0.1186e5  375
19 14.447   11.418   510.8   8.789    27.756    28.41     0.1177e5  374
19 14.380   11.299   510.0   8.789    27.871    27.55     0.1166e5  373
19 14.313   11.192   509.0   8.788    27.976    26.67     0.1157e5  372
19 14.247   11.082   508.2   8.788    28.085    25.02     0.1148e5  371
19 14.180   10.990   507.5   8.788    28.176    22.45     0.1140e5  370
19 14.113   10.902   506.3   8.787    28.264    24.37     0.1133e5  369
19 14.047   10.796   505.5   8.787    28.371    26.83     0.1124e5  368
19 13.980   10.690   504.6   8.787    28.479    26.27     0.1115e5  367
19 13.913   10.590   503.8   8.787    28.582    27.01     0.1107e5  366
19 13.847   10.480   502.8   8.786    28.695    28.26     0.1097e5  365
19 13.780   10.372   501.5   8.786    28.808    28.50     0.1089e5  364
19 13.713   10.262   501.1   8.786    28.923    28.10     0.1078e5  363
19 13.647   10.159   500.1   8.785    29.032    27.01     0.1069e5  362
19 13.580   10.059   499.2   8.785    29.139    26.96     0.1061e5  361
19 13.513    9.958   498.2   8.785    29.248    26.64     0.1052e5  360
19 13.447    9.862   497.4   8.784    29.352    26.04     0.1044e5  359
19 13.380    9.767   496.5   8.784    29.456    27.36     0.1036e5  358
19 13.313    9.663   495.5   8.784    29.571    27.58     0.1027e5  357
19 13.247    9.563   494.5   8.783    29.677    26.98     0.1018e5  356
19 13.180    9.470   493.6   8.783    29.787    27.91     0.1010e5  355
19 13.113    9.370   492.8   8.783    29.900    27.86     0.1001e5  354
19 13.047    9.274   491.6   8.782    30.010    26.81     0.9928e4  353
19 12.980    9.183   490.7   8.782    30.115    26.74     0.9850e4  352
19 12.913    9.089   489.7   8.782    30.224    27.54     0.9768e4  351
19 12.847    8.994   488.8   8.781    30.335    28.37     0.9685e4  350
19 12.780    8.896   487.8   8.781    30.451    28.32     0.9598e4  349
19 12.713    8.803   486.8   8.781    30.562    28.28     0.9516e4  348
19 12.647    8.707   485.7   8.780    30.677    27.15     0.9435e4  347
19 12.580    8.623   484.7   8.780    30.779    27.08     0.9362e4  346
19 12.513    8.529   483.8   8.780    30.894    30.25     0.9278e4  345
19 12.447    8.426   482.8   8.780    31.021    31.47     0.9184e4  344
19 12.380    8.326   481.8   8.779    31.145    30.84     0.9093e4  343
19 12.313    8.229   480.9   8.779    31.268    30.04     0.9005e4  342
19 12.247    8.136   479.7   8.778    31.386    28.88     0.8924e4  341
19 12.180    8.048   478.8   8.778    31.499    29.15     0.8845e4  340
19 12.113    7.955   477.6   8.778    31.619    31.38     0.8764e4  339
19 12.047    7.855   476.7   8.777    31.750    30.69     0.8671e4  338
19 11.980    7.768   475.7   8.777    31.864    28.68     0.8592e4  337
19 11.913    7.682   474.7   8.777    31.979    28.94     0.8514e4  336
19 11.847    7.595   473.8   8.776    32.096    29.89     0.8434e4  335
19 11.780    7.505   472.7   8.776    32.218    31.55     0.8353e4  334
19 11.713    7.410   471.5   8.776    32.348    34.13     0.8269e4  333
19 11.647    7.307   470.5   8.775    32.491    33.62     0.8170e4  332
19 11.580    7.217   469.4   8.775    32.617    31.29     0.8089e4  331
19 11.513    7.129   468.4   8.775    32.742    32.51     0.8007e4  330
19 11.447    7.034   467.5   8.774    32.878    31.46     0.7916e4  329
19 11.380    6.954   466.3   8.774    32.994    29.43     0.7845e4  328
19 11.313    6.872   465.2   8.773    33.113    30.81     0.7771e4  327
19 11.247    6.786   464.2   8.773    33.240    33.93     0.7690e4  326
19 11.180    6.689   463.1   8.773    33.385    36.40     0.7598e4  325
19 11.147    6.640   462.5   8.772    33.459    36.33     0.7552e4  324
19 11.080    6.545   461.4   8.772    33.603    37.26     0.7462e4  323
19 11.013    6.445   460.3   8.772    33.757    36.35     0.7365e4  322
19 10.947    6.357   459.3   8.771    33.894    33.86     0.7280e4  321
19 10.880    6.272   458.1   8.771    34.027    33.05     0.7201e4  320
19 10.813    6.190   457.0   8.770    34.158    32.61     0.7124e4  319
19 10.747    6.109   455.9   8.770    34.288    33.38     0.7047e4  318
19 10.680    6.025   454.8   8.770    34.425    34.37     0.6968e4  317
19 10.613    5.914   453.7   8.769    34.563    33.94     0.6887e4  316
19 10.547    5.861   452.7   8.769    34.697    33.50     0.6809e4  315
19 10.480    5.781   451.7   8.769    34.831    34.31     0.6731e4  314
19 10.413    5.699   450.5   8.768    34.971    35.58     0.6653e4  313
19 10.347    5.615   449.4   8.768    35.116    35.36     0.6570e4  312
19 10.280    5.536   448.5   8.767    35.254    35.15     0.6491e4  311
19 10.213    5.455   447.5   8.767    35.397    34.46     0.6410e4  310
19 10.147    5.381   446.5   8.767    35.530    34.67     0.6337e4  309
19 10.080    5.301   445.5   8.766    35.675    35.77     0.6257e4  308
19 10.013    5.224   444.4   8.766    35.816    36.47     0.6181e4  307
19  9.947    5.143   443.3   8.765    35.966    36.69     0.6100e4  306
19  9.880    5.067   442.1   8.765    36.109    36.22     0.6025e4  305
19  9.813    4.990   441.0   8.764    36.256    37.90     0.5949e4  304
19  9.747    4.909   439.9   8.764    36.412    40.37     0.5867e4  303
19  9.680    4.824   438.7   8.764    36.579    38.70     0.5780e4  302
19  9.613    4.752   437.6   8.763    36.722    35.73     0.5709e4  301
19  9.547    4.681   436.4   8.763    36.865    34.64     0.5639e4  300
19  9.480    4.615   435.1   8.762    36.999    33.52     0.5575e4  299
19  9.413    4.550   433.9   8.762    37.133    36.54     0.5513e4  298
19  9.347    4.474   432.7   8.762    37.291    39.38     0.5434e4  297
19  9.280    4.400   431.7   8.761    37.448    39.15     0.5357e4  296
19  9.213    4.327   430.5   8.761    37.605    38.89     0.5283e4  295
19  9.147    4.256   429.2   8.760    37.759    38.90     0.5211e4  294
19  9.080    4.185   428.5   8.760    37.916    40.61     0.5133e4  293
19  9.013    4.110   427.7   8.759    38.084    41.82     0.5051e4  292
19  8.947    4.037   427.0   8.759    38.250    39.59     0.4969e4  291
19  8.880    3.972   425.9   8.758    38.401    38.45     0.4901e4  290
19  8.813    3.905   424.6   8.758    38.558    39.88     0.4832e4  289
19  8.747    3.837   423.3   8.757    38.720    40.47     0.4763e4  288
19  8.680    3.770   422.4   8.757    38.882    41.10     0.4689e4  287
19  8.613    3.702   421.2   8.757    39.049    42.05     0.4618e4  286
19  8.547    3.634   420.1   8.756    39.218    41.76     0.4545e4  285
19  8.480    3.569   418.8   8.756    39.383    41.47     0.4478e4  284
19  8.413    3.504   418.0   8.755    39.550    41.81     0.4404e4  283
19  8.347    3.440   416.8   8.755    39.717    41.15     0.4336e4  282
19  8.313    3.410   416.2   8.754    39.797    42.34     0.4304e4  281
19  8.247    3.345   414.9   8.754    39.971    43.40     0.4235e4  280
19  8.160    3.281   413.8   8.753    40.144    44.03     0.4166e4  279
19  8.113    3.216   412.5   8.753    40.323    44.27     0.4096e4  278
19  8.047    3.154   411.2   8.752    40.498    44.18     0.4029e4  277
19  7.980    3.092   410.0   8.752    40.677    45.86     0.3961e4  276
19  7.913    3.027   408.8   8.751    40.865    46.75     0.3889e4  275
19  7.847    2.964   407.6   8.751    41.051    47.70     0.3820e4  274
19  7.780    2.900   406.4   8.750    41.246    47.75     0.3747e4  273
19  7.713    2.839   405.2   8.750    41.433    46.67     0.3680e4  472
19  7.647    2.779   403.8   8.749    41.620    47.36     0.3615e4  271
19  7.580    2.719   402.5   8.749    41.812    47.85     0.3548e4  270
19  7.513    2.661   401.4   8.748    42.002    48.50     0.3481e4  269
19  7.447    2.601   400.3   8.748    42.199    49.97     0.3412e4  268
19  7.380    2.541   399.0   8.747    42.402    50.06     0.3344e4  267
19  7.313    2.484   397.5   8.746    42.600    49.09     0.3281e4  266
19  7.247    2.429   396.1   8.746    42.795    48.81     0.3219e4  265
19  7.180    2.374   394.9   8.745    42.990    49.28     0.3156e4  264
19  7.113    2.320   393.6   8.745    43.189    51.09     0.3094e4  263
19  7.047    2.264   392.4   8.744    43.399    53.22     0.3028e4  262
19  6.980    2.207   391.3   8.744    43.615    54.68     0.2960e4  261
19  6.913    2.150   390.2   8.743    43.836    54.25     0.2893e4  260
19  6.847    2.097   389.2   8.742    44.049    53.20     0.2829e4  259
19  6.780    2.045   388.4   8.742    44.262    52.15     0.2764e4  258
19  6.713    1.996   387.7   8.741    44.466    50.52     0.2703e4  257
19  6.647    1.950   386.8   8.740    44.666    49.30     0.2646e4  256
19  6.580    1.905   385.4   8.740    44.860    46.24     0.2594e4  255
19  6.513    1.866   384.1   8.739    45.036    38.31     0.2549e4  254
19  6.447    1.837   383.5   8.739    45.167    30.47     0.2513e4  253
19  6.413    1.825   383.3   8.738    45.219    24.17     0.2499e4  252
19  6.347    1.805   382.9   8.738    45.312    21.33     0.2474e4  251
19  6.280    1.788   382.7   8.738    45.390    15.39     0.2453e4  250
19  6.213    1.779   382.3   8.738    45.435    13.45     0.2441e4  249
19  6.147    1.766   381.8   8.738    45.497    15.65     0.2427e4  248
19  6.080    1.752   381.5   8.738    45.560    15.67     0.2410e4  247
19  6.013    1.739   381.1   8.737    45.623    15.54     0.2394e4  246
19  5.947    1.726   381.0   8.737    45.684    14.51     0.2378e4  245
19  5.880    1.715   380.8   8.737    45.739    13.06     0.2363e4  244
19  5.813    1.705   380.5   8.737    45.789    12.66     0.2350e4  243
19  5.747    1.694   380.4   8.737    45.840    12.65     0.2337e4  242
19  5.680    1.684   380.0   8.737    45.890    12.84     0.2325e4  241
19  5.613    1.673   379.8   8.736    45.943    12.64     0.2312e4  240
19  5.547    1.664   379.5   8.736    45.991    11.17     0.2300e4  239
19  5.480    1.655   378.9   8.736    46.032    11.46     0.2292e4  238
19  5.413    1.645   378.7   8.736    46.083    12.85     0.2279e4  237
19  5.347    1.635   378.2   8.736    46.135    13.00     0.2268e4  236
19  5.280    1.625   377.8   8.736    46.187    13.32     0.2256e4  235
19  5.213    1.614   377.6   8.736    46.241    13.33     0.2242e4  234
19  5.147    1.604   377.2   8.735    46.294    12.51     0.2231e4  233
19  5.080    1.594   376.8   8.735    46.341    12.44     0.2220e4  232
19  5.013    1.584   376.3   8.735    46.393    12.18     0.2209e4  231
19  4.947    1.576   376.1   8.735    46.439    12.18     0.2198e4  230
19  4.880    1.566   375.6   8.735    46.490    12.50     0.2167e4  229
19  4.813    1.557   375.4   8.735    46.539    12.70     0.2175e4  228
19  4.747    1.546   375.0   8.735    46.592    13.09     0.2163e4  227
19  4.680    1.537   374.4   8.734    46.644    12.63     0.2153e4  226
19  4.613    1.527   374.3   8.734    46.693    12.23     0.2141e4  225
19  4.547    1.518   373.9   8.734    46.741    12.23     0.2130e4  224
19  4.480    1.509   373.5   8.734    46.791    12.49     0.2120e4  223
19  4.413    1.500   373.1   8.734    46.841    12.96     0.2109e4  222
19  4.347    1.490   372.6   8.734    46.895    12.89     0.2098e4  221
19  4.280    1.481   372.4   8.734    46.944    12.55     0.2086e4  220
19  4.213    1.472   371.8   8.733    46.995    12.76     0.2077e4  219
19  4.147    1.463   371.6   8.733    47.047    12.27     0.2064e4  218
19  4.080    1.454   371.3   8.733    47.093    12.03     0.2054e4  217
19  4.013    1.445   371.1   8.733    47.143    12.38     0.2043e4  216
19  3.946    1.436   370.9   8.733    47.192    11.83     0.2031e4  215
19  3.880    1.428   370.6   8.733    47.238    12.54     0.2022e4  214
19  3.813    1.419   370.1   8.733    47.293    13.67     0.2011e4  213
19  3.746    1.409   369.8   8.732    47.347    14.26     0.1999e4  212
19  3.680    1.399   369.4   8.732    47.407    14.12     0.1986e4  211
19  3.613    1.390   369.0   8.732    47.460    12.53     0.1975e4  210
19  3.546    1.382   368.6   8.732    47.507    11.14     0.1966e4  209
19  3.480    1.374   368.5   8.732    47.549    11.64     0.1956e4  208
19  3.413    1.366   367.9   8.732    47.600    13.31     0.1947e4  207
19  3.346    1.356   367.5   8.732    47.656    14.43     0.1936e4  206
19  3.280    1.346   367.0   8.731    47.716    14.81     0.1924e4  205
19  3.213    1.336   366.6   8.731    47.774    14.08     0.1912e4  204
19  3.146    1.327   366.2   8.731    47.828    13.33     0.1901e4  203
19  3.080    1.319   365.8   8.731    47.881    13.79     0.1891e4  202
19  3.013    1.309   365.3   8.731    47.938    14.63     0.1879e4  201
19  2.946    1.299   364.9   8.731    47.998    13.87     0.1868e4  200
19  2.880    1.291   364.5   8.730    48.049    12.72     0.1857e4  199
19  2.813    1.283   364.0   8.730    48.099    12.94     0.1848e4  198
19  2.746    1.274   363.4   8.730    48.153    13.71     0.1839e4  197
19  2.680    1.265   362.9   8.730    48.209    13.31     0.1828e4  196
19  2.613    1.257   362.5   8.730    48.259    13.39     0.1819e4  195
19  2.546    1.248   361.8   8.730    48.316    12.66     0.1809e4  194
19  2.480    1.241   361.4   8.729    48.361    12.73     0.1801e4  193
19  2.413    1.232   360.8   8.729    48.418    15.20     0.1791e4  192
19  2.346    1.222   360.5   8.729    48.482    14.40     0.1778e4  191
19  2.280    1.214   359.9   8.729    48.533    13.52     0.1769e4  190
19  2.213    1.206   359.1   8.729    48.590    13.99     0.1760e4  189
19  2.146    1.197   358.6   8.729    48.645    12.92     0.1751e4  188
19  2.080    1.190   358.2   8.729    48.694    12.00     0.1742e4  187
19  2.013    1.183   357.7   8.728    48.741    12.64     0.1733e4  186
19  1.946    1.175   357.1   8.728    48.795    14.21     0.1724e4  185
19  1.880    1.166   356.5   8.728    48.855    14.96     0.1714e4  184
19  1.813    1.157   356.0   8.728    48.915    14.88     0.1703e4  183
19  1.746    1.148   355.5   8.728    48.974    14.55     0.1693e4  182
19  1.680    1.139   355.0   8.728    49.031    12.93     0.1683e4  181
19  1.613    1.133   354.5   8.727    49.077    12.75     0.1675e4  180
19  1.546    1.125   354.1   8.727    49.133    14.71     0.1665e4  179
19  1.480    1.116   353.4   8.727    49.195    15.49     0.1655e4  178
19  1.413    1.107   352.8   8.727    49.257    15.42     0.1644e4  177
19  1.346    1.098   352.1   8.727    49.318    15.08     0.1634e4  176
19  1.280    1.089   351.9   8.727    49.378    13.76     0.1623e4  175
19  1.213    1.082   351.1   8.726    49.428    12.77     0.1616e4  174
19  1.146    1.075   350.8   8.726    49.480    13.91     0.1606e4  173
19  1.080    1.067   350.0   8.726    49.540    15.25     0.1597e4  172
19  1.013    1.058   349.8   8.726    49.602    16.08     0.1585e4  171
19   .946    1.049   348.9   8.726    49.668    16.65     0.1576e4  170
19   .880    1.040   348.7   8.726    49.735    15.85     0.1563e4  169
19   .813    1.032   348.4   8.725    49.795    14.12     0.1552e4  168
19   .746    1.024   348.2   8.725    49.848    13.75     0.1542e4  167
19   .680    1.017   348.0   8.725    49.905    14.12     0.1531e4  166
19   .613    1.009   347.6   8.725    49.961    14.31     0.1522e4  165
19   .546    1.002   347.2   8.725    50.020    14.88     0.1512e4  164
19   .480    .9936   346.9   8.725    50.080    14.88     0.1501e4  163
19   .413    .9859   346.3   8.724    50.139    14.79     0.1492e4  162
19   .346    .9782   345.8   8.724    50.198    14.78     0.1483e4  161
19   .280    .9706   345.2   8.724    50.257    14.88     0.1474e4  160
19   .213    .9629   344.7   8.724    50.317    14.97     0.1464e4  159
19   .146    .9553   344.3   8.724    50.377    15.07     0.1454e4  158
19   .080    .9476   343.7   8.724    50.438    15.17     0.1445e4  157
19   .013    .9400   343.2   8.723    50.498    15.27     0.1436e4  156
18 59.946    .9323   342.8   8.723    50.560    15.48     0.1425e4  155
18 59.880    .9246   342.1   8.723    50.622    15.48     0.1417e4  154
18 59.813    .9170   341.5   8.723    50.684    15.58     0.1407e4  153
18 59.746    .9093   341.0   8.723    50.747    15.69     0.1398e4  152
18 59.680    .9017   340.3   8.723    50.809    15.79     0.1388e4  151
18 59.613    .8940   339.7   8.722    50.873    16.01     0.1379e4  150
18 59.546    .8863   339.2   8.722    50.937    16.02     0.1369e4  149
18 59.480    .8787   338.6   8.722    51.001    16.13     0.1360e4  148
18 59.413    .8710   337.9   8.722    51.066    16.34     0.1351e4  147
18 59.346    .8633   337.3   8.722    51.132    16.78     0.1341e4  146
18 59.280    .8553   336.8   8.721    51.201    15.79     0.1330e4  145
18 59.213    .8486   336.2   8.721    51.259    15.04     0.1322e4  144
18 59.146    .8414   335.5   8.721    51.321    16.70     0.1314e4  143
18 59.079    .8333   334.9   8.721    51.392    17.70     0.1304e4  142
18 59.013    .8253   334.4   8.721    51.463    16.62     0.1293e4  141
18 58.946    .8183   333.6   8.720    51.525    15.62     0.1285e4  140
18 58.879    .8113   333.1   8.720    51.588    16.29     0.1276e4  139
18 58.813    .8038   332.6   8.720    51.655    16.41     0.1266e4  138
18 58.746    .7968   332.2   8.720    51.719    15.39     0.1257e4  137
18 58.679    .7903   331.5   8.720    51.779    15.39     0.1249e4  136
18 58.613    .7834   330.9   8.720    51.842    15.84     0.1240e4  135
18 58.546    .7766   330.5   8.719    51.905    15.48     0.1231e4  134
18 58.479    .7701   329.8   8.719    51.966    15.24     0.1223e4  133
18 58.413    .7636   329.2   8.719    52.027    16.05     0.1215e4  132
18 58.346    .7565   328.6   8.719    52.094    18.08     0.1206e4  131
18 58.279    .7484   327.9   8.719    52.172    18.95     0.1196e4  130
18 58.213    .7407   327.4   8.718    52.246    17.53     0.1185e4  129
18 58.146    .7339   326.6   8.718    52.312    16.20     0.1177e4  128
18 58.079    .7274   325.9   8.718    52.376    16.32     0.1169e4  127
18 58.013    .7206   325.3   8.718    52.443    16.06     0.1160e4  126
18 57.946    .7144   324.6   8.718    52.504    15.67     0.1153e4  125
18 57.879    .7080   324.0   8.717    52.568    16.29     0.1145e4  124
18 57.813    .7014   323.3   8.717    52.634    16.66     0.1136e4  123
18 57.746    .6948   322.6   8.717    52.701    17.55     0.1128e4  122
18 57.679    .6876   322.0   8.717    52.775    19.50     0.1119e4  121
18 57.613    .6796   321.3   8.717    52.857    19.27     0.1108e4  120
18 57.546    .6727   320.6   8.716    52.929    17.74     0.1099e4  119
18 57.479    .6660   319.8   8.716    52.999    17.09     0.1091e4  118
18 57.413    .6597   319.1   8.716    53.066    16.29     0.1083e4  117
18 57.346    .6537   318.3   8.716    53.129    16.27     0.1076e4  116
18 57.279    .6475   317.8   8.716    53.196    17.88     0.1067e4  115
18 57.213    .6404   317.1   8.716    53.272    18.16     0.1058e4  114
18 57.146    .6341   316.3   8.715    53.341    17.35     0.1050e4  113
18 57.079    .6277   315.6   8.715    53.411    18.32     0.1042e4  112
18 57.013    .6208   314.8   8.715    53.488    18.47     0.1033e4  111
18 56.946    .6144   314.1   8.715    53.559    16.65     0.1024e4  110
18 56.879    .6089   313.4   8.714    53.621    15.36     0.1018e4  109
18 56.813    .6035   312.6   8.714    53.682    15.18     0.1011e4  108
18 56.746    .5982   311.9   8.714    53.742    16.15     0.1004e4  107
18 56.679    .5922   311.2   8.714    53.811    18.29     0.9966e3  106
18 56.613    .5855   310.5   8.714    53.889    19.91     0.9875e3  105
18 56.546    .5785   309.8   8.714    53.970    20.54     0.9779e3  104
18 56.479    .5715   309.0   8.713    54.053    19.39     0.9686e3  103
18 56.413    .5654   308.4   8.713    54.125    18.53     0.9601e3  102
18 56.346    .5591   307.7   8.713    54.201    19.91     0.9516e3  101
18 56.279    .5522   306.8   8.713    54.285    19.62     0.9426e3  100
18 56.213    .5462   305.9   8.712    54.358    18.89     0.9347e3   99
18 56.146    .5399   305.2   8.712    54.436    19.37     0.9261e3   98
18 56.079    .5337   304.5   8.712    54.513    18.13     0.9175e3   97
18 56.013    .5283   303.7   8.712    54.581    18.13     0.9106e3   96
18 55.946    .5222   302.8   8.712    54.658    20.36     0.9028e3   95
18 55.879    .5155   302.1   8.711    54.744    19.58     0.8933e3   94
18 55.813    .5100   301.4   8.711    54.815    17.98     0.8858e3   93
18 55.746    .5044   300.7   8.711    54.888    18.30     0.8781e3   92
18 55.679    .4988   299.8   8.711    54.961    18.12     0.8709e3   91
18 55.613    .4934   299.0   8.710    55.033    19.79     0.8638e3   90
18 55.546    .4869   298.3   8.710    55.119    22.00     0.8544e3   89
18 55.479    .4803   297.3   8.710    55.209    21.55     0.8457e3   88
18 55.413    .4742   296.4   8.710    55.292    19.52     0.8374e3   87
18 55.346    .4689   295.6   8.710    55.365    19.72     0.8303e3   86
18 55.279    .4628   294.8   8.709    55.450    19.37     0.8217e3   85
18 55.213    .4578   293.9   8.709    55.520    18.85     0.8153e3   84
18 55.146    .4521   293.1   8.709    55.600    20.09     0.8074e3   83
18 55.079    .4465   292.2   8.709    55.680    20.28     0.7998e3   82
18 55.013    .4408   291.3   8.708    55.763    19.75     0.7921e3   81
18 54.946    .4356   290.6   8.708    55.838    20.69     0.7846e3   80
18 54.879    .4295   289.7   8.708    55.928    21.07     0.7760e3   79
18 54.813    .4242   288.8   8.708    56.007    20.74     0.7688e3   78
18 54.746    .4184   287.9   8.707    56.094    21.70     0.7607e3   77
18 54.679    .4127   287.1   8.707    56.181    21.56     0.7524e3   76
18 54.613    .4071   286.2   8.707    56.266    21.80     0.7445e3   75
18 54.546    .4014   285.5   8.707    56.355    21.85     0.7359e3   74
18 54.479    .3959   284.8   8.706    56.411    21.91     0.7276e3   73
18 54.413    .3903   284.1   8.706    56.530    21.76     0.7191e3   72
18 54.346    .3850   283.3   8.706    56.615    21.41     0.7113e3   71
18 54.279    .3797   283.0   8.706    56.701    21.26     0.7022e3   70
18 54.213    .3746   282.4   8.706    56.785    21.10     0.6943e3   69
18 54.146    .3695   281.9   8.705    56.870    21.99     0.6860e3   68
18 54.079    .3641   281.5   8.705    56.961    23.12     0.6770e3   67
18 54.013    .3586   281.0   8.705    57.055    23.44     0.6679e3   66
18 53.946    .3532   280.6   8.704    57.149    23.32     0.6588e3   65
18 53.879    .3479   280.0   8.704    57.242    22.75     0.6501e3   64
18 53.813    .3429   279.6   8.704    57.331    22.61     0.6417e3   63
18 53.746    .3378   279.0   8.704    57.423    23.13     0.6335e3   62
18 53.679    .3327   278.7   8.703    57.516    23.69     0.6246e3   61
18 53.613    .3275   278.3   8.703    57.612    23.78     0.6157e3   60
18 53.546    .3225   277.6   8.703    57.706    22.92     0.6078e3   59
18 53.479    .3178   277.2   8.703    57.795    22.75     0.5999e3   58
18 53.413    .3130   276.7   8.702    57.888    23.30     0.5919e3   57
18 53.346    .3082   276.1   8.702    57.982    24.11     0.5841e3   56
18 53.279    .3032   275.6   8.702    58.081    25.21     0.5756e3   55
18 53.213    .2981   275.0   8.702    58.184    24.81     0.5672e3   54
18 53.146    .2934   274.3   8.701    58.279    24.92     0.5597e3   53
18 53.079    .2884   273.8   8.701    58.383    25.80     0.5511e3   52
18 53.013    .2835   273.2   8.701    58.486    25.67     0.5430e3   51
18 52.946    .2787   273.0   8.700    58.588    25.27     0.5342e3   50
18 52.879    .2741   272.7   8.700    58.688    24.58     0.5260e3   49
18 52.813    .2697   272.5   8.700    58.785    23.85     0.5179e3   48
18 52.746    .2655   272.3   8.700    58.879    25.38     0.5102e3   47
18 52.679    .2607   272.0   8.699    58.988    26.98     0.5014e3   46
18 52.613    .2561   271.8   8.699    59.094    26.53     0.4929e3   45
18 52.546    .2516   271.7   8.699    59.200    25.79     0.4845e3   44
18 52.479    .2474   271.5   8.698    59.301    25.32     0.4767e3   43
18 52.413    .2432   271.3   8.698    59.403    25.74     0.4690e3   42
18 52.346    .2390   270.8   8.698    59.506    26.46     0.4618e3   41
18 52.279    .2347   270.3   8.698    59.614    27.86     0.4543e3   40
18 52.213    .2302   269.9   8.697    59.729    29.31     0.4463e3   39
18 52.146    .2256   269.1   8.697    59.849    29.49     0.4386e3   38
18 52.079    .2212   268.4   8.697    59.965    28.31     0.4312e3   37
18 52.013    .2171   267.5   8.696    60.075    27.77     0.4247e3   36
18 51.946    .2130   266.8   8.696    60.187    28.21     0.4177e3   35
18 51.879    .2089   265.6   8.696    60.301    27.95     0.4114e3   34
18 51.813    .2050   264.7   8.695    60.411    28.10     0.4051e3   33
18 51.746    .2010   263.6   8.695    60.525    28.53     0.3989e3   32
18 51.680    .1971   262.5   8.695    60.639    28.56     0.3928e3   31
18 51.613    .1932   261.6   8.694    60.754    28.65     0.3863e3   30
18 51.546    .1894   260.7   8.694    60.868    28.76     0.3800e3   29
18 51.480    .1856   259.8   8.694    60.984    29.25     0.3737e3   28
18 51.413    .1818   258.9   8.693    61.102    30.55     0.3673e3   27
18 51.346    .1778   258.0   8.693    61.228    31.51     0.3605e3   26
18 51.280    .1739   257.1   8.693    61.354    31.30     0.3539e3   25
18 51.213    .1701   256.6   8.692    61.479    31.11     0.3468e3   24
18 51.146    .1664   256.3   8.692    61.603    31.34     0.3395e3   23
18 51.080    .1627   255.9   8.692    61.729    32.46     0.3325e3   22
18 51.013    .1589   255.6   8.691    61.862    33.16     0.3251e3   21
18 50.946    .1552   254.8   8.691    61.995    32.50     0.3186e3   20
18 50.880    .1517   254.3   8.690    62.122    32.40     0.3120e3   19
18 50.846    .1499   253.5   8.690    62.189    33.05     0.3093e3   18
18 50.780    .1464   252.9   8.690    62.321    32.77     0.3028e3   17
18 50.713    .1430   252.2   8.690    62.451    33.48     0.2966e3   16
18 50.646    .1395   251.2   8.689    62.588    34.69     0.2904e3   15
18 50.580    .1360   250.3   8.689    62.729    34.42     0.2841e3   14
18 50.513    .1327   249.6   8.688    62.864    34.18     0.2780e3   13
18 50.446    .1294   249.3   8.688    63.002    34.99     0.2715e3   12
18 50.380    .1261   248.9   8.688    63.144    35.84     0.2650e3   11
18 50.313    .1228   248.2   8.687    63.289    36.15     0.2588e3   10
18 50.246    .1196   247.7   8.687    63.433    36.50     0.2525e3    9
18 50.180    .1164   247.6   8.686    63.581    37.46     0.2458e3    8
18 50.113    .1132   247.0   8.686    63.732    37.86     0.2397e3    7
18 50.046    .1101   247.2   8.685    63.883    37.66     0.2330e3    6
18 49.980    .1071   246.9   8.685    64.034    38.08     0.2269e3    5
18 49.913    .1041   246.6   8.685    64.188    37.82     0.2207e3    4
18 49.846    .1013   246.9   8.684    64.336    40.14     0.2146e3    3
18 49.646    .0925   246.3   8.684    64.827    50.41     0.1964e3    2
18 49.513    .0843   255.6   8.682    65.339    64.31     0.1725e3    1



